##Version=mc_v0.8
Gene_Symbol	Gene_ID	Transcript_ID	Ref_Codon	Alt_AA	Chrom	Position	ExAC_AF_Adj	Is_Hotspot_PValue	Is_Hotspot_QValue	Is_Hotspot_LogLikelihoodRatio	Num_Samples_with_Mutation	Num_Samples_Targeted	Num_Samples_Total	Num_Centers_with_Mutation	Num_Centers_Targeted	Num_Centers_Total	ER+_vs_ER-_PValue	ER+_vs_ER-_OddsRatio	ER+_vs_ER-_Raw_OddsRatio	HER2+_vs_HER2-_PValue	HER2+_vs_HER2-_OddsRatio	HER2+_vs_HER2-_Raw_OddsRatio	TN_vs_Not_TN_PValue	TN_vs_Not_TN_OddsRatio	TN_vs_Not_TN_Raw_OddsRatio	ER+/HER2+_vs_ER-/HER2+_PValue	ER+/HER2+_vs_ER-/HER2+_OddsRatio	ER+/HER2+_vs_ER-/HER2+_Raw_OddsRatio	ER+/PR+_vs_ER+/PR-_PValue	ER+/PR+_vs_ER+/PR-_OddsRatio	ER+/PR+_vs_ER+/PR-_Raw_OddsRatio	IDC_vs_ILC_PValue	IDC_vs_ILC_OddsRatio	IDC_vs_ILC_Raw_OddsRatio	IDC/ER+_vs_ILC/ER+_PValue	IDC/ER+_vs_ILC/ER+_OddsRatio	IDC/ER+_vs_ILC/ER+_Raw_OddsRatio
AKT1	ENSG00000142208	ENST00000349310	E17	K	14	105246551	nan	6.309e-189	2.441e-186	429.742	90	1243	1243	2	2	2	9.934e-01	0.997	1.000	5.869e-05	0.000	0.000	6.704e-02	1.978	1.958	1.000e+00	nan	nan	1.603e-01	1.614	1.607	7.850e-01	1.127	1.125	1.336e-01	2.252	2.251
AKT1	ENSG00000142208	ENST00000349310	L52	R	14	105246445	nan	1.157e-07	8.529e-06	14.046	5	1243	1243	1	2	2	2.727e-01	>9999.999	>9999.999	3.736e-01	0.000	0.000	4.300e-01	0.000	0.000	1.000e+00	nan	nan	1.298e-01	>9999.999	>9999.999	3.566e-01	>9999.999	>9999.999	3.357e-01	>9999.999	>9999.999
AKT1	ENSG00000142208	ENST00000349310	Q79	K	14	105243048	nan	8.829e-08	6.834e-06	14.308	4	1243	1243	2	2	2	2.735e-01	>9999.999	>9999.999	3.820e-01	0.000	0.000	3.627e-01	0.000	0.000	1.000e+00	nan	nan	3.215e-01	>9999.999	>9999.999	4.411e-01	>9999.999	>9999.999	4.081e-01	>9999.999	>9999.999
PIK3CA	ENSG00000121879	ENST00000263967	E81	A|K	3	178916854|178916855	nan	7.902e-10	6.796e-08	18.892	6	1243	1243	1	2	2	7.091e-01	0.646	0.697	3.197e-01	0.000	0.000	3.774e-01	0.000	0.000	1.000e+00	nan	nan	9.951e-01	0.993	0.882	7.696e-02	0.164	0.162	5.062e-02	0.119	0.119
PIK3CA	ENSG00000121879	ENST00000263967	R88	Q	3	178916876	nan	1.228e-06	7.922e-05	11.766	5	1243	1243	1	2	2	7.091e-01	0.646	0.697	4.715e-01	2.427	2.269	3.677e-01	3.127	2.654	1.583e-01	>9999.999	>9999.999	1.298e-01	>9999.999	>9999.999	4.248e-01	>9999.999	>9999.999	4.964e-01	>9999.999	>9999.999
PIK3CA	ENSG00000121879	ENST00000263967	R93	L|W	3	178916890|178916891	nan	2.135e-04	1.033e-02	6.854	3	1243	1243	1	2	2	3.423e-01	>9999.999	>9999.999	4.411e-01	0.000	0.000	4.944e-01	0.000	0.000	1.000e+00	nan	nan	1.269e-01	0.164	0.146	4.248e-01	>9999.999	>9999.999	4.047e-01	>9999.999	>9999.999
PIK3CA	ENSG00000121879	ENST00000263967	P104	L|R|T	3	178916923|178916924	nan	1.069e-16	1.273e-14	34.419	10	1243	1243	2	2	2	7.547e-02	>9999.999	>9999.999	1.530e-01	0.000	0.000	1.627e-01	0.000	0.000	1.000e+00	nan	nan	4.754e-01	2.022	2.370	2.294e-01	>9999.999	>9999.999	2.041e-01	>9999.999	>9999.999
PIK3CA	ENSG00000121879	ENST00000263967	G106	R|V	3	178916929|178916930	nan	5.852e-07	3.939e-05	12.480	4	1243	1243	2	2	2	2.454e-01	>9999.999	>9999.999	3.494e-01	0.000	0.000	3.704e-01	0.000	0.000	1.000e+00	nan	nan	8.479e-01	0.795	0.882	3.632e-01	>9999.999	>9999.999	3.375e-01	>9999.999	>9999.999
PIK3CA	ENSG00000121879	ENST00000263967	R108	H	3	178916936	nan	3.423e-11	3.312e-09	21.959	8	1243	1243	1	2	2	1.789e-01	>9999.999	>9999.999	2.756e-01	0.000	0.000	3.334e-01	0.000	0.000	1.000e+00	nan	nan	6.337e-02	>9999.999	>9999.999	3.566e-01	>9999.999	>9999.999	3.357e-01	>9999.999	>9999.999
PIK3CA	ENSG00000121879	ENST00000263967	K111	E|N	3	178916944|178916946	nan	6.739e-16	7.452e-14	32.604	9	1243	1243	1	2	2	9.569e-02	0.265	0.287	2.078e-01	0.000	0.000	1.259e-01	4.224	3.572	1.000e+00	nan	nan	9.351e-03	0.081	0.072	7.696e-02	0.164	0.162	2.106e-02	0.060	0.060
PIK3CA	ENSG00000121879	ENST00000263967	G118	D	3	178917478	nan	8.950e-18	1.260e-15	36.866	11	1243	1243	2	2	2	6.373e-01	0.677	0.695	9.806e-01	1.026	1.003	8.453e-01	1.238	1.174	3.316e-01	0.000	0.000	3.497e-01	0.487	0.487	1.687e-01	>9999.999	>9999.999	2.034e-01	>9999.999	>9999.999
PIK3CA	ENSG00000121879	ENST00000263967	V344	G|M	3	178921548|178921549	nan	2.566e-04	1.204e-02	6.682	3	1243	1243	2	2	2	3.871e-01	>9999.999	>9999.999	4.885e-01	0.000	0.000	4.836e-01	0.000	0.000	1.000e+00	nan	nan	3.781e-01	>9999.999	>9999.999	6.630e-01	>9999.999	>9999.999	6.348e-01	>9999.999	>9999.999
PIK3CA	ENSG00000121879	ENST00000263967	N345	I|K	3	178921552|178921553	nan	7.747e-157	2.398e-154	355.947	72	1243	1243	2	2	2	1.767e-03	5.586	5.643	5.949e-03	0.139	0.137	7.783e-02	0.337	0.331	3.198e-01	>9999.999	>9999.999	6.396e-02	0.577	0.578	2.023e-01	0.582	0.581	2.530e-01	0.616	0.616
PIK3CA	ENSG00000121879	ENST00000263967	E365	K	3	178922324	nan	1.102e-10	1.003e-08	20.816	6	1243	1243	2	2	2	1.623e-01	>9999.999	>9999.999	2.593e-01	0.000	0.000	3.774e-01	0.000	0.000	1.000e+00	nan	nan	9.515e-02	0.218	0.194	4.955e-01	0.434	0.436	5.485e-01	0.484	0.484
PIK3CA	ENSG00000121879	ENST00000263967	C420	R	3	178927980	nan	3.121e-46	6.040e-44	101.891	23	1243	1243	2	2	2	8.861e-02	0.405	0.398	4.932e-01	1.582	1.611	3.840e-01	1.815	1.890	4.794e-02	0.000	0.000	2.175e-01	0.479	0.523	8.557e-01	0.869	0.875	6.136e-01	0.663	0.665
PIK3CA	ENSG00000121879	ENST00000263967	P449	S|T	3	178928067	nan	4.267e-05	2.359e-03	8.374	3	1243	1243	1	2	2	3.423e-01	>9999.999	>9999.999	2.521e-01	4.866	4.549	4.944e-01	0.000	0.000	1.583e-01	>9999.999	>9999.999	1.269e-01	0.164	0.146	4.248e-01	>9999.999	>9999.999	4.047e-01	>9999.999	>9999.999
PIK3CA	ENSG00000121879	ENST00000263967	E453	K|Q|V	3	178928079|178928080	nan	5.889e-18	9.115e-16	37.279	10	1243	1243	2	2	2	5.592e-01	1.779	1.577	1.269e-01	0.000	0.000	9.464e-01	0.931	1.174	1.000e+00	nan	nan	8.544e-01	0.858	1.030	8.791e-01	0.847	0.877	1.747e-01	>9999.999	>9999.999
PIK3CA	ENSG00000121879	ENST00000263967	P471	A|L	3	178928225|178928226	nan	2.531e-06	1.567e-04	11.071	4	1243	1243	1	2	2	5.567e-01	0.483	0.522	3.629e-01	3.240	3.029	4.300e-01	0.000	0.000	3.316e-01	0.000	0.000	7.422e-01	0.661	0.587	2.720e-01	0.221	0.218	2.982e-01	0.242	0.241
PIK3CA	ENSG00000121879	ENST00000263967	E542	A|K|V	3	178936082|178936083	nan	2.106e-264	1.087e-261	603.363	121	1243	1243	2	2	2	7.172e-01	1.111	1.092	1.640e-01	0.589	0.599	5.951e-01	1.203	1.237	7.734e-01	0.789	1.024	9.882e-01	1.004	0.994	7.075e-01	0.873	0.877	7.756e-01	0.897	0.897
PIK3CA	ENSG00000121879	ENST00000263967	E545	A|D|G|K|Q	3	178936091|178936092|178936093	nan	0.000e+00	0.000e+00	1158.015	227	1243	1243	2	2	2	3.950e-03	2.069	2.021	8.781e-01	0.960	0.976	1.300e-02	0.440	0.462	5.462e-02	2.748	2.839	1.683e-01	1.340	1.411	8.513e-01	1.056	1.061	8.873e-01	1.043	1.045
PIK3CA	ENSG00000121879	ENST00000263967	Q546	H|K|P|R	3	178936094|178936095|178936096	nan	7.553e-56	1.670e-53	123.937	29	1243	1243	2	2	2	6.957e-01	1.267	1.287	3.698e-02	3.017	2.965	3.437e-02	0.000	0.000	6.577e-01	1.463	1.390	6.167e-01	0.779	0.780	6.259e-01	0.727	0.725	5.654e-01	0.682	0.682
PIK3CA	ENSG00000121879	ENST00000263967	E726	K	3	178938934	nan	1.970e-59	5.084e-57	132.156	30	1243	1243	2	2	2	7.210e-01	1.242	1.287	7.652e-01	0.806	0.781	9.840e-01	0.985	0.915	7.126e-01	1.700	1.372	2.124e-01	2.058	1.889	2.972e-03	0.207	0.206	9.582e-03	0.230	0.230
PIK3CA	ENSG00000121879	ENST00000263967	T727	K	3	178938938	nan	6.554e-06	3.902e-04	10.160	3	1243	1243	1	2	2	3.423e-01	>9999.999	>9999.999	4.411e-01	0.000	0.000	4.944e-01	0.000	0.000	1.000e+00	nan	nan	1.898e-01	>9999.999	>9999.999	4.248e-01	>9999.999	>9999.999	4.047e-01	>9999.999	>9999.999
PIK3CA	ENSG00000121879	ENST00000263967	E970	K	3	178948136	nan	5.033e-05	2.597e-03	8.218	3	1243	1243	1	2	2	3.423e-01	>9999.999	>9999.999	4.411e-01	0.000	0.000	4.944e-01	0.000	0.000	1.000e+00	nan	nan	7.422e-01	0.661	0.587	4.248e-01	>9999.999	>9999.999	4.047e-01	>9999.999	>9999.999
PIK3CA	ENSG00000121879	ENST00000263967	M1004	I	3	178951957	nan	1.005e-04	5.017e-03	7.564	3	1243	1243	2	2	2	3.058e-01	>9999.999	>9999.999	4.104e-01	0.000	0.000	4.214e-01	0.000	0.000	1.000e+00	nan	nan	5.742e-01	0.477	0.587	1.529e-01	0.110	0.109	1.680e-01	0.121	0.121
PIK3CA	ENSG00000121879	ENST00000263967	G1007	R	3	178951964	nan	3.870e-05	2.219e-03	8.467	3	1243	1243	1	2	2	4.383e-01	>9999.999	>9999.999	1.414e-01	9.744	9.107	5.770e-01	0.000	0.000	1.583e-01	>9999.999	>9999.999	4.447e-01	0.330	0.293	5.148e-01	>9999.999	>9999.999	4.964e-01	>9999.999	>9999.999
PIK3CA	ENSG00000121879	ENST00000263967	D1017	H|N	3	178951994	nan	4.580e-05	2.445e-03	8.307	3	1243	1243	1	2	2	4.383e-01	>9999.999	>9999.999	5.295e-01	0.000	0.000	5.770e-01	0.000	0.000	1.000e+00	nan	nan	1.814e-02	0.000	0.000	1.529e-01	0.110	0.109	1.680e-01	0.121	0.121
PIK3CA	ENSG00000121879	ENST00000263967	Y1021	C|H	3	178952006|178952007	nan	6.293e-09	5.127e-07	16.871	5	1243	1243	1	2	2	1.502e-01	0.240	0.259	3.197e-01	0.000	0.000	4.152e-02	8.479	7.167	1.000e+00	nan	nan	7.422e-01	0.661	0.587	3.566e-01	>9999.999	>9999.999	4.047e-01	>9999.999	>9999.999
PIK3CA	ENSG00000121879	ENST00000263967	M1043	I|V	3	178952072|178952074	nan	3.419e-22	5.880e-20	46.921	13	1243	1243	2	2	2	5.160e-01	1.869	1.932	4.518e-01	1.879	1.822	1.517e-01	0.000	0.000	7.126e-01	1.700	1.372	2.453e-02	0.244	0.240	7.601e-02	0.251	0.250	6.947e-02	0.237	0.237
PIK3CA	ENSG00000121879	ENST00000263967	N1044	K|Y	3	178952075|178952077	nan	1.770e-17	2.284e-15	36.193	9	1243	1243	1	2	2	2.200e-01	>9999.999	>9999.999	3.197e-01	0.000	0.000	3.774e-01	0.000	0.000	1.000e+00	nan	nan	9.515e-02	0.218	0.194	3.907e-01	0.332	0.327	4.269e-01	0.364	0.363
PIK3CA	ENSG00000121879	ENST00000263967	H1047	L|Q|R|Y	3	178952084|178952085|178952086	nan	0.000e+00	0.000e+00	2842.415	529	1243	1243	2	2	2	7.982e-01	0.956	0.971	6.251e-01	1.108	1.093	2.905e-01	0.785	0.764	2.986e-01	0.651	0.611	5.178e-01	1.112	1.083	9.935e-01	0.998	0.994	9.401e-01	0.982	0.981
PIK3CA	ENSG00000121879	ENST00000263967	H1048	R	3	178952088	nan	1.288e-07	9.060e-06	13.942	5	1243	1243	1	2	2	2.200e-01	>9999.999	>9999.999	3.197e-01	0.000	0.000	3.774e-01	0.000	0.000	1.000e+00	nan	nan	7.958e-01	1.326	1.178	3.566e-01	>9999.999	>9999.999	3.357e-01	>9999.999	>9999.999
PIK3CA	ENSG00000121879	ENST00000263967	G1049	R	3	178952090	nan	1.527e-12	1.575e-10	25.007	8	1243	1243	1	2	2	2.270e-01	0.320	0.346	5.765e-01	1.939	1.814	4.533e-01	2.498	2.121	3.316e-01	0.000	0.000	1.298e-01	>9999.999	>9999.999	3.566e-01	>9999.999	>9999.999	4.047e-01	>9999.999	>9999.999
